Row and Column Averages

 838.00  759.00  113.00  515.00   51.00  627.00   10.00  419.00  | 416.50
 212.00   86.00  749.00  767.00   84.00   60.00  225.00  543.00  | 340.75
  89.00  183.00  137.00  566.00  966.00  978.00  495.00  311.00  | 465.62
 367.00   54.00   31.00  145.00  882.00  736.00  524.00  505.00  | 405.50
 394.00  102.00  851.00   67.00  754.00  653.00  541.00   96.00  | 432.25
 628.00  188.00   85.00  143.00  976.00  406.00  165.00  403.00  | 374.25
 562.00  834.00  353.00  920.00  444.00  803.00  961.00  318.00  | 649.38
 422.00  327.00  457.00  945.00  479.00  983.00  750.00  894.00  | 657.12
 670.00  259.00  248.00  757.00  629.00  306.00  606.00  990.00  | 558.12
 738.00  516.00  414.00  262.00  116.00  825.00  181.00  134.00  | 398.25
 343.00   22.00  233.00  536.00  760.00  979.00   71.00  201.00  | 393.12
 336.00   61.00  160.00    5.00  729.00  644.00  475.00   99.00  | 313.62
------------------------------------------------------------------
 466.58  282.58  319.25  469.00  572.50  666.67  417.00  409.42 
